000000
000001
111110
110101
111100
010100
010100
110101
100001
101111
001110
011110
010100
111010
100100
100010
110001
000111
011000
011111
011001
001100
111101
101111
100110
100001
100001
100011
100110
101010
101101
110000
110011
110101
111000
111010
111100
111111
000000
111111
111100
111010
111000
110101
110011
110000
101101
101010
100110
100011
100001
100001
100110
101111
111101
001100
011001
011111
011000
000111
110001
100010
100100
111010
010100
011110
001110
101111
100001
110101
010100
010100
111100
110101
111110
000001
000000
000001
111110
110101
111100
010100
010100
110101
100001
101111
001110
011110
010100
111010
100100
100010
110001
000111
011000
011111
011001
001100
111101
101111
100110
100001
100001
100011
100110
101010
101101
110000
110011
110101
111000
111010
111100
111111
000000
111111
111100
111010
111000
110101
110011
110000
101101
101010
100110
100011
100001
100001
100110
101111
111101
001100
011001
011111
011000
000111
110001
100010
100100
111010
010100
011110
001110
101111
100001
110101
010100
010100
111100
110101
111110
000001
