10101100
10111100
11010010
00010001
01001101
10101110
00010101
01110111
11000110
11011011
11110100
11001001
00011010
00111100
11011010
00101111
00010110
10011011
00110100
00001001
10001001
11000001
11010011
00101100
00101001
00000100
01100101
11100101
11000001
01000010
00111100
11000111
10110111
01101011
00110011
11100111
10010011
11100101
01111101
10111011
10101010
10000110
11111001
10000011
00101110
11100001
10101101
11000000
10010101
10110000
00110000
01100111
01011001
11000000
11110111
01111000
10011001
01110001
10010000
10101010
11010001
00100011
11000011
01110101
10111010
11111001
01100001
01110000
10111111
01100111
11100000
10010111
01010101
11001101
01010101
11000001
10001101
10110000
01001100
01101010
11111010
11100010
01100000
01000010
10010110
11100100
00110101
11111111
11010011
01010001
11110010
00110111
10011110
10011111
11111101
00000010
01011100
00110100
01010011
01101111
01101101
11011010
00001100
01111001
11100100
01001001
10000101
00111011
11101010
11000110
11010000
01010110
00000110
10000000
10100011
01110000
00100011
10000010
11110001
11111111
10110101
00110101
00100000
01101111
11010011
